1,2
3,4
5,8
6,11
7,12
9,13
10,14
16,15
18,17
20,19
22,21
24,23
27,25
28,26
30,29
34,31
35,32
36,33
38,37
40,39
41,43
42,46
44,49
45,50
47,52
48,53
51,55
54,56
58,57
59,60
61,65
62,70
63,71
64,75
66,76
67,77
68,78
69,79
72,80
73,84
74,85
81,86
82,87
83,89
88,90
92,91
95,93
97,94
98,96
99,101
100,102
104,103
105,106
107,108
109,110
111,113
112,117
114,118
115,119
116,121
120,126
122,127
123,128
124,133
125,134
129,135
130,137
131,140
132,141
136,144
138,145
139,146
142,148
143,149
147,150
151,152
153,154
155,157
156,160
158,161
159,162
163,165
164,166
167,168
172,169
175,170
182,171
183,173
184,174
185,176
187,177
188,178
191,179
195,180
196,181
199,186
200,189
201,190
202,192
204,193
206,194
209,197
211,198
212,203
213,205
215,207
216,208
218,210
222,214
224,217
226,219
232,220
233,221
237,223
238,225
239,227
240,228
241,229
242,230
247,231
251,234
252,235
253,236
256,243
257,244
258,245
259,246
260,248
261,249
262,250
263,254
264,255
266,265
267,269
268,271
270,273
272,275
274,276
277,279
278,280
281,282
283,284
286,285
287,289
288,290
291,296
292,297
293,301
294,302
295,303
298,306
299,311
300,313
304,314
305,316
307,318
308,319
309,321
310,323
312,325
315,328
317,329
320,331
322,333
324,334
326,335
327,336
330,337
332,338
341,339
342,340
346,343
347,344
348,345
349,351
350,352
353,354
355,357
356,359
358,361
360,362
364,363
365,369
366,371
367,376
368,378
370,381
372,385
373,388
374,389
375,391
377,392
379,394
380,396
382,397
383,398
384,399
386,401
387,403
390,405
393,406
395,408
400,409
402,410
404,412
407,413
411,414
418,415
419,416
420,417
421,428
422,432
423,433
424,434
425,435
426,436
427,438
429,439
430,443
431,448
437,451
440,453
441,455
442,456
444,457
445,459
446,460
447,463
449,464
450,465
452,466
454,467
458,470
461,471
462,472
468,473
469,478
474,479
475,480
476,481
477,484
482,486
483,490
485,491
487,494
488,495
489,496
492,498
493,500
497,503
499,504
501,505
502,506
507,508
510,509
511,512
518,513
519,514
520,515
521,516
526,517
527,522
530,523
531,524
533,525
535,528
537,529
544,532
547,534
548,536
549,538
553,539
554,540
555,541
556,542
558,543
561,545
562,546
563,550
569,551
571,552
572,557
573,559
577,560
582,564
585,565
587,566
588,567
591,568
593,570
594,574
596,575
597,576
598,578
600,579
601,580
602,581
603,583
604,584
605,586
606,589
610,590
611,592
613,595
614,599
615,607
616,608
619,609
621,612
622,617
624,618
626,620
627,623
633,625
635,628
636,629
637,630
638,631
639,632
641,634
644,640
647,642
650,643
651,645
655,646
658,648
660,649
663,652
664,653
665,654
667,656
671,657
673,659
674,661
675,662
677,666
679,668
680,669
681,670
684,672
685,676
686,678
688,682
689,683
691,687
693,690
697,692
698,694
701,695
702,696
705,699
706,700
714,703
715,704
718,707
720,708
721,709
725,710
726,711
728,712
730,713
732,716
733,717
735,719
737,722
739,723
740,724
745,727
746,729
747,731
748,734
749,736
750,738
753,741
755,742
756,743
758,744
760,751
762,752
764,754
766,757
767,759
770,761
775,763
776,765
777,768
778,769
779,771
780,772
781,773
784,774
786,782
787,783
788,785
790,789
791,794
792,796
793,797
795,798
799,804
800,805
801,809
802,810
803,813
806,814
807,815
808,817
811,819
812,820
816,821
818,822
823,825
824,827
826,830
828,834
829,836
831,838
832,839
833,840
835,843
837,847
841,848
842,851
844,852
845,856
846,859
849,860
850,863
853,864
854,865
855,866
857,867
858,871
861,873
862,874
868,877
869,879
870,880
872,881
875,885
876,888
878,889
882,890
883,892
884,893
886,894
887,895
891,896
897,898
899,900
902,901
903,907
904,908
905,909
906,911
910,913
912,914
915,920
916,921
917,922
918,923
919,925
924,928
926,929
927,932
930,933
931,934
936,935
938,937
939,940
941,943
942,944
945,946
947,948
949,950
952,951
957,953
958,954
959,955
960,956
961,965
962,966
963,969
964,970
967,971
968,972
974,973
977,975
978,976
980,979
981,985
982,988
983,989
984,990
986,991
987,992
994,993
998,995
999,996
1000,997
