1,8
2,11
3,13
4,16
5,17
6,20
7,26
9,28
10,29
12,30
14,32
15,33
18,34
19,35
21,36
22,37
23,39
24,42
25,43
27,46
31,49
38,51
40,53
41,60
44,62
45,64
47,65
48,66
50,67
52,68
54,69
55,70
56,71
57,75
58,76
59,77
61,79
63,80
72,81
73,82
74,83
78,84
86,85
87,89
88,91
90,93
92,97
94,98
95,100
96,101
99,102
105,103
107,104
109,106
115,108
116,110
118,111
119,112
131,113
132,114
139,117
140,120
142,121
148,122
151,123
152,124
153,125
154,126
155,127
156,128
157,129
160,130
161,133
163,134
164,135
165,136
167,137
168,138
170,141
172,143
178,144
181,145
184,146
185,147
187,149
190,150
195,158
196,159
198,162
200,166
211,169
213,171
216,173
217,174
218,175
223,176
226,177
227,179
229,180
230,182
232,183
235,186
236,188
237,189
242,191
244,192
246,193
249,194
251,197
252,199
253,201
254,202
256,203
257,204
260,205
262,206
264,207
265,208
266,209
267,210
272,212
275,214
276,215
277,219
279,220
280,221
281,222
282,224
284,225
285,228
286,231
287,233
288,234
293,238
298,239
299,240
306,241
308,243
312,245
313,247
314,248
316,250
318,255
319,258
320,259
321,261
326,263
329,268
330,269
337,270
338,271
340,273
342,274
343,278
345,283
349,289
350,290
352,291
356,292
357,294
358,295
360,296
363,297
364,300
365,301
368,302
371,303
373,304
374,305
376,307
377,309
378,310
379,311
382,315
384,317
385,322
387,323
392,324
394,325
398,327
399,328
400,331
402,332
406,333
411,334
413,335
415,336
416,339
418,341
420,344
422,346
423,347
425,348
429,351
431,353
432,354
433,355
437,359
439,361
440,362
441,366
442,367
443,369
445,370
446,372
448,375
449,380
450,381
451,383
453,386
454,388
457,389
458,390
459,391
461,393
462,395
463,396
465,397
466,401
469,403
470,404
472,405
473,407
474,408
476,409
478,410
480,412
481,414
482,417
483,419
486,421
491,424
493,426
495,427
497,428
499,430
501,434
502,435
503,436
505,438
508,444
509,447
510,452
513,455
515,456
521,460
524,464
525,467
526,468
531,471
533,475
534,477
538,479
539,484
540,485
543,487
545,488
546,489
548,490
549,492
550,494
552,496
553,498
557,500
558,504
559,506
560,507
565,511
567,512
569,514
570,516
571,517
572,518
573,519
574,520
575,522
576,523
577,527
579,528
582,529
584,530
586,532
588,535
589,536
598,537
600,541
601,542
602,544
604,547
607,551
611,554
613,555
614,556
616,561
617,562
621,563
622,564
624,566
628,568
630,578
632,580
635,581
636,583
638,585
639,587
640,590
641,591
645,592
646,593
648,594
649,595
653,596
654,597
655,599
662,603
663,605
666,606
667,608
668,609
669,610
670,612
671,615
672,618
673,619
674,620
675,623
676,625
677,626
680,627
683,629
685,631
690,633
693,634
695,637
699,642
701,643
702,644
703,647
704,650
705,651
707,652
708,656
710,657
713,658
724,659
728,660
729,661
730,664
731,665
732,678
734,679
735,681
736,682
737,684
738,686
739,687
740,688
742,689
743,691
744,692
745,694
746,696
748,697
753,698
755,700
756,706
757,709
760,711
762,712
766,714
771,715
772,716
773,717
774,718
775,719
777,720
778,721
779,722
781,723
783,725
784,726
785,727
787,733
789,741
791,747
793,749
795,750
797,751
798,752
801,754
802,758
805,759
806,761
807,763
809,764
810,765
811,767
812,768
813,769
814,770
816,776
817,780
819,782
821,786
823,788
825,790
827,792
829,794
830,796
831,799
832,800
835,803
838,804
841,808
845,815
846,818
847,820
848,822
850,824
852,826
854,828
858,833
859,834
861,836
862,837
863,839
864,840
867,842
871,843
874,844
876,849
879,851
880,853
881,855
882,856
883,857
885,860
886,865
887,866
891,868
900,869
905,870
907,872
908,873
909,875
910,877
913,878
914,884
915,888
916,889
918,890
919,892
920,893
921,894
922,895
923,896
924,897
925,898
926,899
929,901
931,902
932,903
935,904
938,906
939,911
940,912
942,917
943,927
944,928
946,930
947,933
951,934
954,936
959,937
964,941
966,945
968,948
970,949
972,950
973,952
974,953
976,955
978,956
980,957
981,958
983,960
985,961
986,962
987,963
988,965
989,967
990,969
991,971
992,975
995,977
996,979
997,982
998,984
999,993
1000,994
