1,4
2,5
3,7
6,8
9,10
11,13
12,15
14,16
23,17
24,18
25,19
26,20
29,21
30,22
33,27
34,28
35,31
41,32
44,36
45,37
46,38
49,39
51,40
52,42
53,43
56,47
57,48
58,50
59,54
61,55
66,60
69,62
71,63
73,64
76,65
77,67
78,68
79,70
82,72
83,74
86,75
87,80
88,81
90,84
92,85
94,89
95,91
97,93
99,96
101,98
103,100
104,102
108,105
111,106
112,107
113,109
114,110
116,115
117,119
118,121
120,122
126,123
127,124
128,125
129,131
130,133
132,134
135,137
136,143
138,146
139,149
140,152
141,153
142,154
144,156
145,161
147,163
148,168
150,172
151,173
155,175
157,176
158,177
159,178
160,179
162,183
164,186
165,187
166,189
167,190
169,191
170,192
171,195
174,196
180,198
181,199
182,200
184,202
185,203
188,204
193,206
194,207
197,208
201,210
205,212
209,213
211,214
215,218
216,223
217,225
219,226
220,227
221,233
222,235
224,236
228,240
229,241
230,242
231,246
232,248
234,250
237,251
238,252
239,254
243,256
244,260
245,261
247,265
249,266
253,268
255,270
257,271
258,274
259,276
262,278
263,279
264,280
267,281
269,282
272,284
273,288
275,289
277,292
283,293
285,295
286,296
287,299
290,300
291,303
294,304
297,305
298,306
301,308
302,310
307,311
309,312
317,313
319,314
321,315
322,316
323,318
326,320
327,324
328,325
329,334
330,335
331,336
332,339
333,341
337,342
338,343
340,345
344,346
347,350
348,351
349,352
353,355
354,356
357,359
358,362
360,363
361,364
372,365
373,366
374,367
375,368
376,369
377,370
378,371
381,379
382,380
383,385
384,386
390,387
392,388
394,389
396,391
397,393
400,395
402,398
403,399
404,401
405,406
408,407
409,410
412,411
414,413
416,415
417,420
418,422
419,427
421,428
423,429
424,433
425,435
426,436
430,437
431,438
432,440
434,441
439,442
443,445
444,446
450,447
452,448
453,449
454,451
455,457
456,459
458,460
461,462
464,463
465,466
468,467
469,474
470,476
471,477
472,478
473,480
475,481
479,485
482,486
483,487
484,488
489,490
491,493
492,494
495,497
496,499
498,500
501,502
503,504
506,505
509,507
510,508
514,511
515,512
518,513
519,516
520,517
521,522
524,523
527,525
529,526
532,528
533,530
537,531
541,534
544,535
545,536
546,538
548,539
549,540
554,542
557,543
558,547
564,550
568,551
570,552
573,553
578,555
579,556
580,559
581,560
584,561
586,562
587,563
591,565
597,566
598,567
599,569
600,571
604,572
607,574
609,575
610,576
613,577
614,582
616,583
617,585
620,588
621,589
622,590
627,592
629,593
630,594
631,595
632,596
633,601
634,602
640,603
641,605
643,606
644,608
647,611
649,612
651,615
655,618
658,619
659,623
662,624
664,625
665,626
667,628
668,635
670,636
672,637
677,638
678,639
682,642
686,645
690,646
692,648
694,650
695,652
697,653
698,654
699,656
700,657
701,660
702,661
703,663
705,666
707,669
710,671
712,673
715,674
718,675
719,676
722,679
726,680
727,681
728,683
730,684
731,685
732,687
734,688
737,689
739,691
741,693
742,696
744,704
745,706
746,708
747,709
748,711
752,713
753,714
755,716
756,717
758,720
759,721
760,723
763,724
764,725
765,729
767,733
768,735
773,736
778,738
779,740
780,743
782,749
783,750
784,751
786,754
788,757
789,761
791,762
792,766
794,769
795,770
796,771
799,772
800,774
801,775
802,776
805,777
808,781
810,785
812,787
817,790
818,793
819,797
820,798
821,803
822,804
824,806
825,807
826,809
827,811
830,813
831,814
834,815
836,816
837,823
839,828
840,829
841,832
842,833
846,835
847,838
848,843
851,844
854,845
855,849
857,850
858,852
861,853
865,856
867,859
870,860
874,862
876,863
882,864
884,866
885,868
886,869
888,871
889,872
891,873
894,875
895,877
896,878
897,879
899,880
901,881
904,883
905,887
907,890
908,892
910,893
911,898
913,900
914,902
915,903
918,906
921,909
922,912
924,916
925,917
929,919
936,920
938,923
939,926
940,927
941,928
943,930
946,931
947,932
948,933
951,934
953,935
954,937
957,942
958,944
959,945
961,949
962,950
964,952
967,955
970,956
971,960
973,963
974,965
975,966
977,968
979,969
981,972
982,976
983,978
984,980
988,985
989,986
991,987
992,990
993,995
994,996
998,997
999,1000
