1,7
2,11
3,14
4,15
5,17
6,18
8,19
9,21
10,22
12,23
13,27
16,31
20,33
24,34
25,35
26,37
28,38
29,40
30,41
32,42
36,43
39,45
44,47
46,48
49,50
51,54
52,55
53,56
57,61
58,64
59,66
60,67
62,70
63,71
65,72
68,84
69,86
73,89
74,90
75,93
76,94
77,95
78,96
79,99
80,100
81,103
82,105
83,107
85,109
87,110
88,113
91,114
92,116
97,117
98,118
101,119
102,120
104,124
106,125
108,129
111,130
112,131
115,133
121,134
122,135
123,136
126,137
127,140
128,143
132,145
138,147
139,149
141,150
142,154
144,155
146,157
148,158
151,162
152,163
153,164
156,165
159,166
160,170
161,172
167,173
168,176
169,179
171,182
174,188
175,189
177,194
178,195
180,196
181,197
183,198
184,204
185,205
186,208
187,211
190,212
191,213
192,215
193,216
199,218
200,221
201,226
202,227
203,228
206,231
207,232
209,233
210,235
214,237
217,238
219,239
220,241
222,243
223,245
224,246
225,248
229,249
230,250
234,252
236,253
240,255
242,256
244,257
247,258
251,259
254,261
260,262
263,264
267,265
269,266
270,268
271,272
273,275
274,276
277,280
278,281
279,282
283,287
284,288
285,289
286,290
293,291
295,292
298,294
302,296
303,297
307,299
310,300
311,301
315,304
319,305
320,306
322,308
323,309
324,312
326,313
327,314
328,316
330,317
334,318
335,321
338,325
340,329
343,331
344,332
346,333
347,336
350,337
351,339
352,341
354,342
355,345
356,348
360,349
361,353
364,357
365,358
367,359
368,362
369,363
374,366
377,370
380,371
382,372
387,373
388,375
389,376
390,378
392,379
396,381
400,383
402,384
403,385
404,386
406,391
413,393
414,394
416,395
418,397
420,398
427,399
430,401
434,405
435,407
438,408
439,409
440,410
441,411
442,412
445,415
446,417
447,419
449,421
450,422
453,423
454,424
455,425
457,426
459,428
461,429
462,431
465,432
467,433
468,436
469,437
474,443
477,444
478,448
479,451
481,452
482,456
485,458
486,460
488,463
489,464
490,466
492,470
494,471
498,472
499,473
501,475
502,476
504,480
505,483
506,484
508,487
511,491
513,493
514,495
517,496
519,497
520,500
521,503
523,507
525,509
526,510
527,512
529,515
533,516
535,518
537,522
539,524
540,528
541,530
542,531
544,532
545,534
547,536
548,538
549,543
550,546
551,552
555,553
556,554
558,557
560,559
561,563
562,565
564,568
566,571
567,574
569,575
570,576
572,577
573,578
579,580
581,582
585,583
586,584
588,587
589,590
593,591
595,592
600,594
606,596
610,597
615,598
616,599
617,601
618,602
619,603
620,604
622,605
623,607
624,608
625,609
626,611
627,612
629,613
631,614
632,621
634,628
637,630
638,633
641,635
643,636
644,639
646,640
650,642
652,645
654,647
657,648
658,649
660,651
662,653
663,655
666,656
668,659
670,661
671,664
673,665
674,667
676,669
679,672
681,675
685,677
687,678
692,680
693,682
694,683
695,684
698,686
700,688
701,689
702,690
705,691
707,696
710,697
711,699
714,703
715,704
719,706
721,708
722,709
723,712
724,713
725,716
727,717
729,718
731,720
732,726
737,728
738,730
739,733
740,734
742,735
743,736
746,741
747,744
748,745
752,749
753,750
755,751
756,754
757,759
758,761
760,763
762,766
764,768
765,771
767,772
769,774
770,775
773,776
777,780
778,781
779,783
782,785
784,787
786,789
788,790
791,792
793,794
798,795
799,796
802,797
803,800
805,801
810,804
811,806
813,807
815,808
818,809
819,812
820,814
821,816
823,817
825,822
827,824
828,826
829,830
831,832
833,836
834,838
835,839
837,840
842,841
844,843
845,846
847,851
848,852
849,853
850,854
857,855
863,856
864,858
868,859
870,860
873,861
874,862
875,865
876,866
877,867
879,869
883,871
885,872
887,878
888,880
889,881
890,882
891,884
893,886
896,892
899,894
901,895
902,897
904,898
905,900
909,903
911,906
912,907
913,908
915,910
918,914
922,916
924,917
925,919
926,920
928,921
930,923
931,927
932,929
933,934
936,935
938,937
939,941
940,943
942,944
945,946
947,948
950,949
954,951
955,952
956,953
957,959
958,961
960,964
962,967
963,968
965,972
966,974
969,975
970,978
971,979
973,980
976,981
977,982
985,983
986,984
988,987
989,990
991,992
994,993
996,995
997,998
1000,999
