1,3
2,7
4,8
5,10
6,13
9,14
11,15
12,16
18,17
21,19
23,20
24,22
26,25
32,27
33,28
34,29
35,30
36,31
38,37
39,44
40,47
41,49
42,51
43,52
45,53
46,55
48,56
50,57
54,58
59,60
62,61
63,64
67,65
69,66
70,68
71,73
72,75
74,78
76,79
77,81
80,84
82,89
83,90
85,92
86,93
87,94
88,98
91,103
95,107
96,108
97,111
99,113
100,114
101,115
102,117
104,119
105,122
106,124
109,125
110,127
112,128
116,130
118,131
120,133
121,134
123,135
126,137
129,138
132,140
136,141
139,143
142,146
144,147
145,150
148,157
149,161
151,162
152,163
153,165
154,166
155,167
156,169
158,172
159,176
160,178
164,179
168,183
170,184
171,186
173,188
174,189
175,190
177,191
180,192
181,193
182,198
185,200
187,201
194,202
195,204
196,205
197,210
199,211
203,212
206,213
207,217
208,218
209,219
214,220
215,221
216,222
223,224
226,225
227,230
228,231
229,238
232,241
233,242
234,243
235,245
236,246
237,247
239,248
240,249
244,250
252,251
253,254
256,255
257,261
258,263
259,266
260,269
262,270
264,271
265,272
267,273
268,274
275,276
277,279
278,280
284,281
285,282
286,283
288,287
289,290
291,294
292,295
293,296
298,297
299,301
300,303
302,304
305,306
307,308
309,310
311,314
312,315
313,316
317,318
321,319
322,320
324,323
325,326
328,327
329,331
330,332
333,334
336,335
341,337
342,338
343,339
346,340
350,344
351,345
354,347
358,348
359,349
360,352
363,353
364,355
365,356
366,357
367,361
370,362
371,368
373,369
374,372
379,375
380,376
381,377
387,378
389,382
392,383
395,384
396,385
398,386
402,388
404,390
405,391
409,393
413,394
414,397
416,399
418,400
419,401
420,403
421,406
422,407
424,408
427,410
429,411
431,412
435,415
438,417
440,423
441,425
445,426
447,428
450,430
451,432
454,433
455,434
456,436
457,437
459,439
464,442
466,443
467,444
469,446
471,448
472,449
474,452
476,453
479,458
480,460
481,461
482,462
485,463
486,465
487,468
488,470
490,473
492,475
496,477
499,478
500,483
511,484
513,489
514,491
518,493
519,494
520,495
524,497
525,498
526,501
527,502
528,503
529,504
530,505
532,506
534,507
535,508
536,509
537,510
538,512
539,515
542,516
543,517
544,521
548,522
550,523
551,531
554,533
556,540
559,541
562,545
563,546
564,547
565,549
566,552
567,553
570,555
571,557
573,558
574,560
576,561
578,568
581,569
582,572
584,575
585,577
586,579
589,580
591,583
594,587
598,588
599,590
600,592
601,593
602,595
603,596
604,597
605,607
606,608
611,609
612,610
614,613
617,615
621,616
623,618
624,619
625,620
626,622
629,627
630,628
632,631
634,633
635,637
636,639
638,640
641,642
643,644
645,647
646,648
649,650
653,651
659,652
662,654
663,655
666,656
670,657
672,658
673,660
674,661
675,664
678,665
679,667
680,668
683,669
684,671
685,676
689,677
692,681
697,682
703,686
704,687
705,688
706,690
708,691
709,693
713,694
714,695
718,696
719,698
720,699
724,700
727,701
728,702
732,707
733,710
735,711
736,712
737,715
742,716
744,717
745,721
747,722
749,723
750,725
751,726
752,729
754,730
755,731
760,734
762,738
763,739
764,740
766,741
768,743
769,746
772,748
774,753
776,756
777,757
779,758
780,759
782,761
783,765
785,767
790,770
792,771
799,773
800,775
803,778
804,781
806,784
808,786
810,787
811,788
812,789
813,791
816,793
817,794
820,795
822,796
825,797
829,798
830,801
831,802
835,805
836,807
840,809
841,814
842,815
844,818
845,819
846,821
849,823
850,824
854,826
855,827
856,828
857,832
859,833
860,834
863,837
865,838
866,839
867,843
869,847
870,848
871,851
872,852
874,853
877,858
878,861
880,862
881,864
883,868
885,873
886,875
887,876
889,879
890,882
891,884
894,888
895,892
899,893
901,896
902,897
904,898
908,900
910,903
913,905
914,906
915,907
920,909
921,911
923,912
924,916
925,917
928,918
929,919
934,922
937,926
939,927
942,930
943,931
944,932
945,933
946,935
949,936
953,938
957,940
959,941
961,947
963,948
964,950
965,951
967,952
968,954
969,955
970,956
971,958
972,960
973,962
975,966
977,974
981,976
982,978
983,979
984,980
985,987
986,988
990,989
992,991
993,994
996,995
997,998
999,1000
