1,4
2,5
3,6
8,7
11,9
12,10
14,13
16,15
18,17
19,20
22,21
23,25
24,28
26,29
27,31
30,34
32,35
33,38
36,40
37,42
39,45
41,47
43,49
44,50
46,54
48,56
51,57
52,58
53,64
55,68
59,71
60,72
61,73
62,76
63,77
65,78
66,79
67,83
69,84
70,86
74,87
75,88
80,92
81,93
82,97
85,98
89,101
90,102
91,103
94,104
95,105
96,108
99,109
100,110
106,113
107,114
111,115
112,116
120,117
123,118
124,119
126,121
127,122
129,125
130,128
131,137
132,143
133,146
134,147
135,148
136,150
138,154
139,157
140,160
141,163
142,164
144,166
145,167
149,168
151,171
152,173
153,174
155,176
156,178
158,179
159,180
161,182
162,183
165,184
169,186
170,188
172,190
175,192
177,193
181,195
185,196
187,199
189,201
191,202
194,208
197,209
198,214
200,215
203,219
204,226
205,227
206,229
207,230
210,231
211,232
212,233
213,234
216,236
217,237
218,241
220,244
221,245
222,248
223,252
224,253
225,254
228,255
235,260
238,261
239,262
240,263
242,265
243,266
246,267
247,268
249,269
250,270
251,271
256,272
257,273
258,275
259,279
264,282
274,283
276,284
277,286
278,287
280,289
281,290
285,295
288,296
291,298
292,299
293,302
294,303
297,305
300,307
301,308
304,309
306,310
312,311
314,313
317,315
318,316
319,324
320,326
321,327
322,329
323,330
325,332
328,333
331,336
334,337
335,339
338,341
340,343
342,344
345,346
347,348
349,350
351,352
353,358
354,361
355,362
356,363
357,364
359,365
360,367
366,368
372,369
374,370
376,371
378,373
379,375
380,377
382,381
383,384
385,388
386,389
387,390
391,393
392,394
395,396
397,398
400,399
401,404
402,406
403,407
405,411
408,416
409,418
410,419
412,420
413,425
414,426
415,428
417,430
421,432
422,434
423,436
424,437
427,439
429,441
431,443
433,447
435,449
438,450
440,451
442,452
444,453
445,454
446,457
448,461
455,464
456,466
458,469
459,470
460,471
462,472
463,474
465,475
467,477
468,479
473,481
476,482
478,485
480,486
483,487
484,490
488,491
489,493
492,494
495,496
497,498
501,499
502,500
506,503
508,504
509,505
511,507
512,510
514,513
516,515
518,517
519,521
520,522
523,524
527,525
529,526
530,528
534,531
536,532
537,533
542,535
545,538
547,539
548,540
549,541
553,543
554,544
557,546
559,550
561,551
563,552
565,555
571,556
572,558
573,560
574,562
576,564
577,566
581,567
583,568
586,569
587,570
589,575
594,578
596,579
599,580
600,582
601,584
603,585
604,588
606,590
608,591
610,592
612,593
613,595
614,597
618,598
621,602
622,605
623,607
625,609
626,611
628,615
631,616
632,617
634,619
636,620
637,624
639,627
641,629
644,630
645,633
648,635
649,638
651,640
653,642
656,643
657,646
660,647
662,650
663,652
664,654
666,655
670,658
672,659
674,661
677,665
678,667
681,668
682,669
684,671
688,673
689,675
690,676
692,679
693,680
694,683
695,685
697,686
699,687
700,691
701,696
704,698
706,702
708,703
710,705
711,707
712,709
719,713
721,714
723,715
725,716
726,717
728,718
729,720
732,722
738,724
740,727
743,730
748,731
749,733
750,734
751,735
752,736
754,737
755,739
758,741
760,742
762,744
766,745
770,746
774,747
775,753
776,756
778,757
780,759
782,761
783,763
789,764
791,765
793,767
794,768
796,769
798,771
800,772
802,773
805,777
806,779
808,781
811,784
813,785
814,786
816,787
817,788
820,790
821,792
825,795
827,797
829,799
830,801
831,803
834,804
835,807
839,809
841,810
843,812
844,815
845,818
846,819
847,822
849,823
851,824
856,826
857,828
858,832
860,833
862,836
866,837
867,838
868,840
872,842
874,848
876,850
877,852
878,853
879,854
883,855
884,859
885,861
886,863
887,864
888,865
889,869
892,870
893,871
894,873
895,875
896,880
899,881
900,882
901,890
902,891
905,897
906,898
907,903
908,904
911,909
913,910
916,912
918,914
921,915
922,917
925,919
931,920
932,923
933,924
934,926
936,927
937,928
938,929
940,930
941,935
943,939
945,942
946,944
950,947
951,948
952,949
954,953
955,957
956,958
960,959
962,961
964,963
965,967
966,970
968,973
969,974
971,975
972,977
976,979
978,981
980,982
983,985
984,988
986,989
987,990
992,991
995,993
996,994
999,997
1000,998
